3.240370385992714097e-01
3.741657382791437891e-01
4.242640662533622709e-01
4.743416427423756132e-01
5.279446886579599596e-01
5.902568411783122304e-01
6.638304399423226032e-01
7.514905951125659955e-01
8.569941871681041601e-01
9.854208986627721600e-01
1.143768027212192395e+00
1.341880018404105979e+00
1.593945580277886576e+00
1.920991735389171451e+00
2.355208844699951509e+00
2.947809505316087542e+00
3.784124715816007622e+00
5.014630614024739863e+00
6.924307430633081850e+00
1.010530566169382993e+01
1.595329510653403737e+01
2.841814241221514337e+01
6.253072386319161069e+01
2.228645201918680527e+02
