0.8964001076130212	1.595987895318976
1.813297188315525	1.3670437329492993
-0.01749030681191166	1.9403601398118981
-0.5186378386643273	1.5624894616385947
0.2861253549577648	2.6772123025503927
1.8064296905938568	3.12626900472184
2.039989776699333	2.90029458419237
2.0425378109326155	2.412537548339271
2.132255714202805	3.422697119296754
0.8476483402923267	3.914984441445007
1.990082505424521	4.357406310311469
-0.49436512420724465	2.585429174964697
-0.22994617750605711	2.3416858519152384
-0.9528753773942611	3.232213473990425
0.6504538371951973	3.219522862141363
-0.6876769862579735	1.9007996639269182
-0.3919449153720559	2.3883497353245273
0.9897141453060215	2.06700432229169
-0.7011721414636226	3.156681168955885
-0.19299813703271995	3.1434134504162152
0.7226395128281319	1.7987127647780359
0.8095568866378642	2.0025671430241805
0.29327909187705004	0.8333282785110618
0.03320372825707629	2.241176382052502
-0.9803945396677523	2.181692377571673
-0.9271917683796099	2.091613813029646
0.7010143584884171	2.89277972063465
0.7602142034358305	4.402803752291376
1.0869738479893356	4.5234505636437525
0.6962539831913389	3.277185227129806
1.0671267276930707	4.03427328020243
1.180320118397064	2.784648285685877
2.9616803618501844	2.899866909548011
4.203887590934608	3.716683374240409
4.866435743078672	3.0669913107557285
6.055911728988134	3.8221483726620487
5.158439278489777	3.7185200055019276
7.369998602306309	4.617101391916546
8.139337325905878	5.303687444130585
9.63973182093575	5.526063577100047
8.940999062632676	6.607332883056016
7.883894791537726	7.132786155060865
7.753344332310732	6.392389286187063
8.493962249368998	7.663458337690624
7.746931208710449	7.5162649237259505
6.949308864321029	7.433767267843544
9.49850002395954	5.422338028442219
11.658435343028827	5.9468334241305065
9.013485257352384	6.957848056037839
8.777466778498633	6.162476598821076
9.60936679002073	5.62494290088377
10.132156671795872	4.771580400574467
9.163182169531687	3.5307581537737267
9.588390488884073	2.3329857609106788
8.632939130314911	1.385018678125168
9.723544513206496	2.3573318670509305
10.135208681767272	2.761022139891212
10.601521029054492	1.5796193612951843
9.724853026576252	1.693936597497295
10.063632913948126	1.2845964638642369
9.55728632884569	2.5594990018229877
9.626680098880746	3.474194377180516
10.259591645214522	3.2779088989756198
9.853575517031647	3.794554834841718
8.451348210376928	4.60942964047468
8.328148783811363	5.9133816504289065
8.290060624875787	5.166656720986613
6.896991506491418	2.9377649617860633
5.825004776547637	4.698896463501506
5.974654908622877	5.78398324108692
5.779130222473333	6.792570253949524
6.291849501428984	5.798318939418977
6.294940105233791	6.510537613047808
7.424701911525005	7.019825383359276
7.488741102766661	6.815933531377834
6.666616834200264	6.8972733583740276
6.9725046837317	5.556022415850465
6.554926566068678	5.229949666511015
5.3594507655943175	5.757539070701075
6.743276016210121	6.06029268996775
4.803203676507643	6.086323557278516
5.698068889417089	5.633287374518945
5.901954854795814	5.418777332726541
6.061116797138763	6.908916799845647
4.448531040516605	7.69387386785817
5.351026214822396	7.695580520434692
4.596460267205122	7.857857814657178
6.589787074651196	10.027815480909586
7.27937154257743	10.181013376940893
7.173639946405205	11.441912957356774
7.418329651617721	9.756865088069228
7.197733782628917	8.040385047749679
7.171845594622719	8.456763404243318
8.854989698902527	7.586006734502467
8.96542213086379	7.039947280732322
7.8487251063033865	5.631647630936518
6.737930393257924	5.8626568679990445
6.5516618836741785	5.035079004367692
6.2481245720937215	4.707299853881783
6.692272031003691	7.635030059372307
5.929194213260093	7.559046126554529
4.214869392176016	8.349812725065275
4.951071246705365	8.539075384694199
5.5455061996636035	9.115680409836994
7.446871387631206	7.584784899825267
7.507173790273324	6.536399490939402
5.905193258289911	6.473075924669305
5.103034375288443	4.266603960020026
5.021783102525146	4.257274978093067
3.0294121871822934	4.104589013345834
1.7903802903909056	4.769219054510226
1.5504410781506386	3.981003154748312
1.3856837544150613	2.900066205294875
0.4364305504644832	3.7405085094137913
0.7702331792438291	2.1643662268916124
0.45293311119670154	1.3199579294756791
0.579898445667355	2.700623059260121
1.0007417294542473	3.82192840507566
1.1053385656653347	2.851676654919098
0.5073633176313316	2.8683637000410838
0.6885083072892862	2.3428566423585617
0.3446253273932578	2.589650211199716
1.0804773260293574	3.427297787089433
0.9307382001210425	2.9087999847528803
1.6256712807849265	2.113556623636912
1.5913359233532893	-0.5467609496281693
3.2508231626700415	-0.6786998590045479
2.9857842461560016	-0.6842004993449997
2.8110164041567423	-1.7729986205199824
3.3654484993443754	-0.6417980542988349
2.3930452492846186	-0.5168743280076703
2.2259283629917115	-0.284671982646455
1.4513377243729244	-0.385177490548632
2.464181226549621	-0.8495209157097059
1.8883957217240468	-0.22933238555172786
2.016409619246384	-0.45986568925729543
2.0038736662190253	-0.48909737194171987
2.923649881863417	-0.47668016037389177
2.0325345239381236	-0.47535108062281617
2.6297394431502994	-0.5472109335773324
3.7619591005778528	-1.459055031868344
5.2060164528862485	-1.0420817871602308
5.386018143235064	-1.810127227996557
5.3077053615823235	-1.2788941523470068
3.677137351011881	-1.3222891642696661
3.1941735599956083	-1.6767170358827104
3.9201987013572728	0.013534236028214464
2.6938708383692913	0.17705416052484954
2.2282806357845715	-0.18867672789563292
1.79458879767398	0.8695140411747155
1.1687173218179008	1.3239043265498331
1.531785280368134	2.228617957734615
1.6137611084589756	3.0676550856934672
0.9555497631494348	2.8828592656971446
1.8468987031743542	0.593043733434433
1.4175832553056151	1.6391122583035576
2.53378298696063	2.0464082377440147
2.9863623118873286	3.214940987287582
1.3851213761549555	4.478140107955028
0.995492677383404	4.958013205880781
1.7050391606970559	4.636017924245305
0.3036954664609104	6.920768699801727
-1.0596474680376575	7.3756818118122
-0.22254386487299682	7.801097855297701
-1.0155154012398353	6.563184179333639
0.3358595198800749	7.069454696053163
1.7949065713534555	4.319558372723864
2.2465768591718023	4.170284607882093
1.4913397876328771	4.488956731796199
0.9192343645656488	4.752332486441323
0.8662901221033302	3.347026658658816
1.6516985829874273	2.340199492703909
0.6706484713988756	2.5686267538343364
0.11142160422654346	4.126480480705755
-0.45670370403348404	4.707948599018933
-0.7654212887557539	4.9104514991323605
-1.195345751185481	5.623532178695002
-3.3613420594054686	6.370789057817011
-0.9340724587006308	5.2780885025314985
-1.1226352626185683	5.337529852671666
-0.18533346774226833	3.5589607613020706
1.3255155616972338	2.4840504706118125
3.7021000744847283	1.8114531342551277
3.8550127723516203	1.2474201800123694
3.1639440702170623	1.8649427938663763
3.3280800797993324	2.9301449053783366
2.3822715838277584	0.7149196546966525
2.673510829592626	1.6586251057624979
2.105207809528977	0.06719793220614179
3.8125321973067834	1.5038993401394714
3.6449683904399865	2.5086177090888757
4.325168721888102	1.931857792489407
5.521909061188246	1.8707191908805787
5.576067149131897	3.1566284437491348
5.354631942080735	5.244989117377647
4.261483619647908	4.473529750733372
3.8113483148142624	3.811842182001809
6.0209117619527435	3.4930557668499933
6.015570556310407	3.3447761360812023
6.91471809433672	2.285257750112856
8.711541547380211	2.0406281238882262
8.953482474011082	2.017348576977265
7.773751408979101	1.4130997495371074
8.846043292992528	0.014735804373454897
8.319440564342113	-1.4290355058185937
8.614417529822886	-1.2405260965915714
8.304462131098296	-0.5376064572460507
9.121574439140963	-1.5034448055725944
10.827450687581832	0.1562903929024999
11.030124680164828	-0.3481921780945685
11.08768156867382	-0.053297304541671475
9.49492042671859	0.6735766865888363
9.732072572590647	3.8805796297987616
9.080858664771243	4.803636779227094
8.647466216065988	3.8996301979900876
7.526898091684932	3.968290017970368
6.108851665080451	3.9486560546498177
5.934930257286638	3.3686792155905354
6.928364803143954	1.7188544736076588
6.392761957082555	1.9238623289937982
6.6545736147904435	1.1333877887697288
6.080845459338794	-1.267067418391157
7.026585903640962	-1.3556330056374877
7.059544274652441	0.03214353825554661
6.973973137305475	0.36161257159493876
7.307789277364493	1.0186489974800226
7.67246738153514	0.43361364975866334
9.772551601013632	0.3255023758428105
9.948875510181665	-0.4782509309372641
10.430192364595417	-0.014085439147165979
9.293696565758555	-0.001933613211412985
9.354356442407191	0.8687762844170583
8.395519320609756	0.5956848286628651
8.093377555736486	0.6780213432432192
7.3193777299173135	1.910703294497006
8.109689102391414	1.3287707916353564
8.318603930449097	1.394352737300309
7.36246112186558	0.7842460209301391
6.937463337757255	0.8618040598664033
7.008816097503582	0.5405622256959606
6.309931807036162	2.0440379969274622
7.865797922810174	2.4018158246055457
7.354652726351986	2.530572100185032
6.796178925404562	3.634272572639345
8.526856850636086	2.412561671942526
7.180514283205654	2.4139014630120834
4.446625871120825	2.0523644600338873
5.037184520100652	2.28245378189475
4.797745852806943	2.8553326205587504
6.746566200514996	3.927568223578786
6.599638157018103	4.590313568755349
7.3232854829135015	4.4932472166310315
6.4136780465362255	2.968762188360218
6.075518316726231	1.8981605727172253
4.810138977139005	1.4311216782509133
3.9535436822070595	1.785471972073104
3.3167245912140473	1.40549814186782
3.7239146764543674	0.9951833781743713
6.047371152044162	1.5820162944941365
6.775840232112365	-0.6880837242979374
5.546541726074036	-1.5864090742955588
7.066051006579738	-0.8798096846751307
5.78283379212674	0.06400389942627926
4.815221114652064	0.04678337019896062
4.774010897204974	-1.5422732578317644
5.564042273474595	-1.9983948668717624
4.6526661372201215	-1.9921484101216596
3.311890283408138	-1.7394004997590193
3.6744490436335364	-2.466328339168639
3.109511952014174	-1.5688142414454096
2.1246529737520774	-1.0642147106076143
3.1510785215646155	-0.611005845298887
1.6888577022855868	0.16484620989835752
0.06464445495064552	1.8394244823434098
-0.9978864743642548	2.1425570771608076
0.2943182988468567	2.299234143796316
0.4911444647594307	3.002716548045903
3.294096268685861	3.0107168882991675
2.139581113364371	1.7507582607432872
0.30998607796434996	0.998394194616287
1.0376872282827718	2.199926892655273
1.7151853333417946	4.509875665222272
1.8825515732421425	4.770716429382222
0.8312926252680328	5.060492343633088
1.9282274588581836	4.44511365091952
1.8091822833658429	5.2605276540200645
4.399947715467657	5.509183689183574
3.6798026379573736	3.934125160032771
3.166555001621855	2.8190986412616903
3.187986943200176	1.1288962860651628
3.546563389218428	0.4880896786348987
2.763287562329687	-0.3407272266928353
1.4576812246019806	0.22089900278142227
2.554714335522811	0.5762166118187004
2.8638025172704262	-0.514104430118036
5.4730944971023945	-1.3795292938670758
5.070729301533323	-1.0315268536548197
6.902423546660194	-0.5804693982693448
7.157709226422745	-0.9420260437988803
6.262964940887013	-1.3637250772342158
5.141381224817465	-0.6242753018128451
4.018499046579394	-0.38198106474937543
3.136615561658611	-0.5478474454949241
3.4073161963298166	0.46362526974526863
3.2424337941670602	-0.2414776122681107
4.328569065784523	-1.05834664302788
3.3273175892867126	-1.496491430783101
3.0165350778744333	-1.7031577466056993
5.238793817651676	-0.13042068200381873
4.921803835882212	-1.380258138551375
5.105295971080069	-1.9903425827791779
5.070950096164621	0.4196630964994683
2.6309617424118548	-0.020646699768620713
2.0806927862017317	0.58781444033344
3.0488488043199204	0.8662170685080611
3.5497321226489484	0.009866478211686291
2.220120356133983	1.312490167545592
2.1409660529013586	2.188809637055371
2.01794795676803	2.6446724195111155
1.624945290987649	2.043464890576651
2.6572954986713366	2.0164590738123342
3.041170519755749	2.246290701504468
5.507036601043419	0.5054049330556192
4.580119968249155	0.14673122610130312
4.097434088012842	-0.6881134472933721
4.536794015814834	-1.8359996175694395
4.232031030261153	-3.176357535093084
4.7643546340375735	-2.9853271915337207
5.382604299933314	-4.098882654116187
5.988910872565999	-4.965112207633939
6.2043699909809105	-4.709936225976464
6.810046425390724	-5.579745584985813
7.695702833112311	-6.081616067753148
8.28556661915138	-5.918318133737313
8.418280216038085	-6.136557131399573
7.574541141956343	-6.343320641674041
9.40355486615112	-6.041525461858158
9.04708549571801	-4.36988900390264
8.844203570952256	-5.467528628870996
8.517503692289791	-5.764665108742333
8.586327751351659	-6.595621497385933
9.447427963096429	-5.693858349062119
8.344830261364637	-6.960397321986658
8.052277448394943	-6.821954972767124
7.986259835137919	-6.940337032514776
8.668497756074206	-6.121956983414705
8.162192484592628	-5.603941000985234
8.338578978333095	-6.412179432144547
8.393928016422016	-6.601223146515309
9.950210293867725	-6.618854946910665
9.575141908462324	-6.17416578598821
8.3951426154938	-5.652534256141903
6.809292381906723	-5.049292327506749
5.985560812021729	-4.79038694890177
6.26753169330965	-3.7854577274615773
6.284236199881057	-3.433099985536281
6.023314050923024	-2.979109893822213
6.399027976875681	-2.7396858544324876
7.677129259920162	-1.6545267850736014
6.090208467549568	-2.964413787793916
7.030573289001249	-3.18975260514097
6.81615426175636	-3.2256155043948573
6.0308432389385445	-3.2267659591719875
4.948960396188398	-2.62506089431701
3.237193287493173	-1.6504600231496536
2.138473090025723	-0.9241388871943739
1.318300050424971	0.5930186133828961
0.3917467191909677	2.5883956558789025
-0.7275436525784343	1.9308772333616866
-0.5524496101469633	2.6061282990581485
-1.2656656496222811	2.9244950828320837
-0.057419845549932624	2.3260847697772595
-0.623957989259426	3.613050647476533
-0.7049094741271841	3.7417486846929573
-0.3711010466901435	5.218378012060414
0.13198194329478746	5.519191237600153
2.3192230791596664	4.85527409260542
0.646737663587339	6.078408255589462
1.0062112725609664	4.490921203362317
1.9379046573694512	5.0981578066215985
0.09528521525300859	5.706068651080768
0.2803370403345287	6.713861135424618
1.3016240460167017	7.3875017641888565
0.8883825073650204	7.845874938298883
2.622638561940117	6.788619130766947
1.785292930060682	6.518318559288486
1.0411402572473647	6.68219691402871
-0.03720755621129346	6.815105383085841
1.5343986267351204	6.134064170787672
2.439848800809415	5.252535879134842
2.413676128529853	6.426018714066656
1.5089067289924691	5.8118912823741145
1.1788227531892872	6.361938282034704
0.8269727418167019	6.920997115207245
0.10796430237116705	5.5201962396306765
-1.1933548063923705	5.104835029998342
-2.545072298434098	3.936569286019254
-2.1471492607922578	4.057335704399594
-0.4478080913203668	3.2156456827112234
-0.05551372340769756	3.5845290186308136
0.44351955530240517	2.1185308903698994
0.4260882543662677	0.9845858425448981
1.19805506632988	0.3848930850641322
2.251799893448198	0.27737788914151745
3.0976057140606	-0.3079249377034114
2.925481482509111	-1.0661256933816072
5.413826376192153	-1.5626436222294333
4.726938628041504	0.27372452033356476
4.8616701537252744	-0.1929478089113859
4.387321396685684	0.541479056768146
4.003100085396326	0.49084204989428687
4.442232164804573	-1.5576141643507804
3.8442514373635555	-1.1401208657819604
4.2059298153509275	0.6489678295202019
5.240303619071396	1.897848383582601
4.672902378438799	3.814954255923788
6.149956907283619	3.5764658444275557
4.711801877030355	3.8914835057961645
5.509495699259884	4.754867104767242
5.553263255293967	4.94938261100758
6.208162474441768	6.452724462807758
5.828393578940469	3.880584286561248
6.475848475945384	2.291522814079792
7.696994497768357	2.2759426689159077
5.4447254625779316	3.558223189162973
7.039056506732625	2.893180141942642
6.212573151095525	2.2934168700114705
6.403900777723296	3.9458038876301282
7.673525440846769	3.049199843287135
7.028233212249147	4.469831559925172
5.803026720593365	4.408003978992862
5.172815789354136	4.564505511177167
8.470608698420676	2.708542362629
7.438299363339036	2.7007086789363113
7.571511845956441	2.8999305032987346
7.1278313333744645	1.6207875876948032
7.791149270534267	2.4239287639494873
7.089691200440994	-0.5830565633821725
5.909242085590195	0.7434573842386369
6.54690667937031	1.0753688506779393
6.461453159572763	2.071254664433245
5.983508846700198	0.5455419831606836
3.7267408354902707	1.2069361342189278
3.0285211669285372	2.026909725968393
2.6758345426480417	3.0000047168340283
2.7669928288556176	2.013261446976321
3.4034613189208014	0.9029814537192222
2.9242097343295415	1.034631432072953
2.5120043275246275	0.30960035471025926
2.0618896808068192	1.3846691513043783
3.830816937386529	-1.3012012476686448
4.3184990124697435	0.47402918535481886
4.837262485779931	1.6492713383517565
4.702617144572907	-0.086654966646186
5.0121539556413275	1.599145548224547
5.129374537487141	-0.013580233151476495
5.2003526414399825	-0.3681133082158635
4.199389828905244	-2.3818380840150977
4.133822913599517	-2.9316838250197788
4.747783071885845	-2.7223783929837704
4.883795259927893	-3.248847255293642
5.37569640594062	-3.341971496419078
6.401422159939638	-3.264419145349536
6.569983939395447	-1.8816203379397947
6.618723786826376	-0.8103689081506229
5.849486582350462	0.11411230806341943
5.406863149583434	0.4743721069183075
4.623400438181013	-0.2656996914138002
5.2280082701014345	-0.3366234640009504
5.249184418466848	-0.8441829402659111
7.150901178202952	0.30303588027188644
8.32958342933315	2.4286947344511938
9.45122638161235	3.5596506346483556
9.794211150355753	5.066628891566031
9.567701425904733	6.429494169120096
10.654894505289985	7.06249588684208
10.163965404669474	7.571002993069561
9.140017793498773	8.788751531634196
8.305281633727416	9.70690295699871
7.894964856753467	8.913282011515754
7.816481358488338	8.76863631232851
8.888334288047488	8.502147497010162
9.13333729710571	8.637977201731267
7.934854718586315	8.856498503573505
7.521252145161398	8.373926618413073
7.76528292372976	8.41880399188967
7.82752070740321	8.382294922461153
7.787278123172091	8.971428291793433
5.179508712965385	8.465818256960443
5.895702613691846	10.761867726136368
5.553406792207674	10.409859905061765
4.951118172787725	11.762753040105807
5.118153727259006	12.284252964241679
4.1193623556710826	11.28338819301903
3.654129827961975	11.137660894578852
2.754653388935666	9.689903269463944
1.6975587606161773	9.13384858287186
2.290580927286105	9.693262469060922
2.0658753212127094	9.872276712091631
0.49517698277774147	10.347159407977628
0.29248149216525704	11.536918660934958
-0.5793293494066505	11.706170559107754
0.03873859227799614	12.308742340975817
0.027762397046447708	12.089557918836201
1.3728074807036457	12.201590049145622
0.08842860527791485	12.028185822145247
1.035652943296915	13.344666208329578
0.5981494113264995	13.966839485015644
0.9749792115426736	15.205068201680374
0.22395634361096806	14.227876095164792
1.3261945520972658	13.902038217193208
2.325617979675147	13.420728394743145
3.23784369451263	13.353407252086065
3.6454062412665564	13.541332181807652
4.052418327354813	13.027341547110877
4.242771760282551	11.036966376482091
4.793310289533115	11.451877924930898
5.078913903016315	11.968451399432288
4.451941787254976	10.925706464366979
5.541016997967112	10.830493432096212
4.142539093503755	9.641803967330489
4.177018848107516	8.799568114710432
3.4118565853814435	9.005923586199895
5.844340510298688	9.512115906655445
5.590729799344363	6.75715502643681
7.5443882059011855	6.039381214788099
7.794056630780742	8.075545553232036
8.109294206026478	7.13603824487307
8.458645645588943	7.582646928334372
9.341598722475968	8.224339072323044
9.600189103519156	8.285518222567953
8.268791158486316	8.590666989132808
7.435859400028331	8.683325922650585
6.859464771243119	9.510254679390243
6.802091742281146	8.29289415645334
5.893951274105032	8.600555198822759
6.277578626764057	9.06352688414074
6.765055500982662	8.966299469512272
7.785563514171114	8.834861844372844
7.357972349991449	8.317163066177969
8.62005838894503	8.19092329160322
8.482328416074505	6.0309846127906095
7.953686554002376	4.087952720725353
7.494364697274986	3.5217507992928683
7.4906702445055515	5.718439460483713
6.861909076026729	6.7977413398104005
5.999210824923542	9.061318150910285
5.621367856556524	9.610673975454645
4.910710738782695	9.016915372976397
5.748452124859638	10.59515987648334
5.941819019994725	9.00919375419195
4.743378281955366	7.802035316579682
3.2488431653102308	7.113709721579363
1.447048530923989	6.594802301379014
1.7286856090886196	8.054113867987239
0.06621548566267976	7.638337609042178
0.3234086412602715	7.923968458283201
0.5448706323136883	8.704167469895891
1.9854545289921255	8.911125251303426
2.052164448050798	8.013974482165164
0.3711735291320557	7.786928833021221
-0.78257481757369	8.04537092178152
-0.6028592475260134	7.631036761892753
0.3243124494275097	7.189665112681523
0.46399521114981734	7.150773406289184
-1.1260385132412052	9.14686878287235
-1.901680981421336	8.728660800042455
-1.2322880378729955	9.899072537123143
0.7866607503020586	9.850905112608025
0.7224750920496037	9.184740794141861
-0.4012116101962855	8.813088899792962
-0.8906097606781268	8.903237187270737
-1.74667622600563	7.861340373620937
-3.101417157178041	7.663196943019619
-3.4728604269392855	7.6904402652228825
-4.162726849689803	7.660289477096391
-3.542403180895975	8.538845637261542
-3.603290164882591	8.266712649221903
-2.6637459830628125	7.427291774139467
-4.319843949787274	5.696133109164464
-4.100769754519323	5.7402012619570675
-4.191456194095574	5.77123600725387
-4.799269443278955	5.882840607263034
-4.561731270027686	6.061635928903582
-3.754895725881585	5.81291936430261
-2.8132958841174993	6.8251441147351555
-3.4022768063774724	6.96830394131501
-4.037302011667515	8.17471920322938
-4.208480582092485	9.619338197253871
-5.898416197012185	9.851134832960376
-5.1815565950561835	9.69424890964759
-5.464429058295464	8.924244373366385
-5.356633772814629	8.617650543252893
-4.336944235528728	10.499122638462914
-4.212026791264659	9.783851457532405
-4.543683642133922	8.933307996407061
-4.770049940065881	8.728782619941843
-3.8044492202192397	9.14253191357517
-2.671531112990892	8.35230977911714
-0.12008616619386281	7.691405781643664
-0.10873490696501639	7.1294031740888055
-3.2469502279193203	7.5568772067751375
-3.863937067785222	8.259848484890755
-5.4822134920532	8.076408093120362
-8.087823555981672	9.432289198305341
-8.548293235942738	10.043872758275759
-8.450706022025026	9.712097578439346
-8.1550882167954	9.710736560663078
-8.242091465241923	9.310473121895159
-9.070904635209414	10.135564864204472
-7.589947392094897	10.353104414545546
-7.08382648062269	9.483196930327724
-6.81986560136554	10.296215536488805
-7.377080080824111	10.415884457679187
-6.982073017283142	9.244856890434031
-6.692339313835178	9.941273419819648
-6.151575891848995	10.207618215354975
-4.658845951241575	9.599187476142841
-3.3241014407472314	9.656592391505631
-5.862600909068849	8.500563509718921
-5.614902008226813	9.055373477742094
-4.571995057878268	10.041090655062307
-3.6747613377927264	11.055405910632189
-4.041214920588294	11.421728548311448
-2.8310074383887613	10.329938655403893
-3.8117001772804637	10.490200564824757
-5.039969962725383	10.224657196786543
-6.311150049442632	10.045797134303497
-5.394889873260689	6.771749404453739
-4.338985467870502	5.784236353480152
-3.345333529517342	4.615217207070024
-4.307103928904966	5.5827480089070285
-2.460619958567704	5.022019503475867
-2.653691050406736	3.913826063935711
-1.6393123418123805	4.099238531965706
-3.558847661735962	6.179932274570235
-3.020214245197354	6.327711220783469
-1.199032507955275	4.716677437919348
-0.7856622387901909	4.977149862061752
-1.3599278609194267	5.871955730228111
-1.9733608701175336	5.754546884811881
-1.285244917423367	6.382957268801235
-1.5558573607493886	5.567429495323344
-4.873761015629708	6.407501415933635
-4.835736783665878	6.268456820142967
-4.515215535731937	6.152459099636407
-4.122077910778393	7.560108021681965
-3.807893971571584	7.317862811277665
-5.287443547898125	6.408754302487388
-4.176015375656342	7.2533940765914515
-2.6055242529021463	6.361534591868769
-2.7720416462578035	7.0680409947311675
-3.586618060674046	6.6286188607574505
-4.566908280451551	7.091007977358075
-4.7924202488592105	8.298654802421941
-4.121091932419924	10.278776827750447
-4.34431544868541	11.14490155734754
-3.5617729659181334	11.497270472311936
-5.2860471598721475	10.473902337843885
-5.006488913312559	9.710780766274258
-4.572489326393964	7.617785322558099
-3.957244000362089	7.288544750044001
-5.519977250047693	7.234817991504941
-5.643786311537103	8.019801518550526
-4.657689321747474	7.0355618033299
-4.232450020691693	6.727758498226022
-4.9260294558489575	6.34783665703073
-3.0694803906547006	4.915629112777528
-3.181896246219791	5.405131299045944
-4.124665197412568	5.308819622221822
-3.8225150459480983	7.433212686500575
-2.80103258703502	5.567756999582891
-3.384333622772073	5.337611044569096
-3.395784639911776	5.2783317856082865
-3.7754963110121675	5.356481025983356
-3.8162517284949815	5.899889620852575
-4.168031339560742	5.466545099442976
-4.069739032180515	5.843581625188359
-3.6468908419020503	5.287651327880116
-3.762110776492325	5.105023941405717
-3.1924686945780363	6.712145013732758
-3.796773312580102	8.898635081535627
-3.2391795729536397	9.661270905689445
-1.5558105907228243	8.903414038158312
-1.9585279378894067	8.452004945605879
-2.531900935075197	8.955785748287196
-1.3350172676505792	10.263416441633204
-0.8939926534763839	9.773319712640143
0.2274169618306442	11.20270660801066
0.34118301643837723	10.798717024760606
1.4756780303569172	11.216023876081616
1.3171537519359875	11.019345379950105
-0.38547029039429925	12.015326217051593
1.0490165877028292	12.068685321730147
3.427514268924865	11.713032777742697
3.1764007109056727	12.208660977439752
2.439955854767459	12.914717657977103
1.6034489644106402	14.271123427135116
2.4124867000721224	12.478252366995568
3.636740991375639	12.299535490024732
4.949009275892198	10.545649951722801
5.166001250260078	9.56670913655097
4.592093045464434	10.59567675739065
3.760263027778345	10.53947996083791
4.185611206883909	9.69778448296337
4.5214323398263625	9.92047357530493
2.39510888349583	9.473193723798884
4.80629532359846	10.096251502751647
5.5829701755126715	10.211680985783758
4.426505094994328	9.164539556197353
3.0881539094459116	8.2184946486452
3.0649195794909305	10.323868545408711
3.341860441314935	10.789572106878602
1.7127489036483525	10.55661938151489
1.5668391248099325	9.957784513961826
1.4403436114144268	10.15174591940238
-0.24283430679203732	9.493222232081449
2.1442701935315664	8.62257645458368
2.017175160316203	9.107281553898467
2.4064437154056177	10.368777435148289
2.5337634080054237	9.293181115911695
2.2270941276263803	8.9762217306341
1.3594955237220754	8.682291094911301
0.6072922744574082	8.324094259391524
2.473202585045622	7.780153372290966
2.639406417127647	7.918986439768022
1.1209224508795879	8.07977810685008
0.46431538159216534	8.114049965209947
1.5480766168178737	7.42646754678703
2.298703497452411	8.592354136098114
3.1469151738809678	8.844359841517699
2.76634125369018	8.982546570410257
2.0307914088294523	8.921124933263334
3.412977198988066	9.480700711318764
3.6395048994800487	8.13747013991539
4.675552582880879	7.842349064597567
4.392801229994548	6.72652914699803
5.136020976658727	7.988176807892457
4.849742575294745	8.514917234939302
4.683233704908086	7.408219474823977
4.800970951847413	8.765780099421749
4.312330681821769	7.92496717919393
3.159778767905402	8.102006621908739
3.458756623111791	8.438449238211149
4.090436500602509	9.090039672086252
4.826595055693746	9.768597128677179
5.864243910962096	11.418568372367819
5.9643813606588445	10.766697743439567
6.788753739831877	10.926423225160503
7.481987411550853	11.577291897027782
8.319967040020684	12.033390670036594
8.31612270396119	11.937662116792856
8.29717259552064	12.12838112998283
8.017131402169937	13.077514664659244
8.488194704231535	13.06629588007797
7.980511278883511	13.326957947398004
7.226252807699868	14.664006052140648
7.9989989054566975	15.468556112245034
8.00279974753317	15.545207555274532
7.827565622648934	13.91298975648385
8.889802601296644	14.560452246182207
8.934266926421564	14.7231501966929
8.078674523858568	14.795031360327938
7.5315326433589656	13.438431819249317
6.7005743050556035	12.436014370719427
6.78194169887867	11.479820453012652
8.524283892383805	11.594709867669149
8.582586841369688	12.451987415896674
8.190760704595151	12.67238613728035
7.995758150602466	14.71239755207432
8.099394187679968	14.569135394077517
7.227159362783105	14.633816752332935
7.455592943835013	13.318490361558734
6.150744975075512	13.47545032453323
5.355844444554757	13.324884138811584
5.491899391867242	12.876237060902437
5.073855853416251	11.446170488153287
4.943466216733632	12.690579407090206
5.089595930019537	11.00876688882537
4.9105574146455275	9.53316688677064
5.529546454530562	9.921533045188013
6.416344810199144	9.948912507726966
7.178327102829791	7.861904200533286
5.289593829620004	7.675899848799385
4.117081528577103	6.667500276850536
5.367753828432346	7.7271448805529666
5.047288071195862	8.550324684416866
5.069785551145128	10.34738065964154
4.942695209873257	10.918246192323592
5.084715642218782	11.271446988145417
4.27149456377321	10.39230720886634
3.4525771064728854	8.849336240168068
3.48576834121056	8.717299480270945
6.204226146374106	9.178547829128952
7.964514789204518	8.465900808947891
8.603818342476918	7.647687935553531
9.139651832678629	8.625150105696576
8.293276670749659	9.592446762342052
8.050811234764366	9.194082018401541
8.597079596884113	9.84425372803941
7.338746751424496	9.804193192866391
7.6010440754218	9.765754349114154
7.4347644279264955	10.502045729480608
7.824409515611176	11.037472941772112
9.47465682712707	9.465477429808269
8.731700205112723	9.81249765695974
8.339025949098383	8.66261677146687
8.953204063298566	8.340908064369259
8.839715587771462	6.303071678886624
7.8748852015642745	7.2253408051409655
7.3629478865727	7.766479459193176
6.003671562113028	7.201123183757399
6.45733903347591	7.2184545380469505
5.685787543345615	8.338791102199206
7.680452256140187	8.277669857174196
8.443022180538199	7.742613350704233
10.710814708439887	6.488887324915942
11.300119670858134	6.559488679729159
11.448446456428027	5.827353424544625
9.881539503899013	5.306653412061575
11.081257656832614	5.325651784295297
9.996167989950088	6.997894533285829
9.180707974709438	8.03131118723517
7.692142785940234	7.533762097771402
5.6744354813692715	8.701916784245116
6.191312488962418	8.061880845181422
5.515690987711753	9.059466431681942
6.249225421945403	11.178566985406801
6.244134760092147	9.72223155143499
6.671946701330899	8.626821457571802
5.621639689622145	9.119498590845918
5.349527774522499	8.437986922085981
6.370216091662222	8.08809623658199
6.605372180109255	8.37479500124891
7.706620550091315	7.788725425209592
8.155943928294922	7.621313464302513
7.3217749494988	5.369894994835317
7.407236751429883	4.1533279109280405
7.502515870302775	2.172383107773853
6.732972130445391	3.4154871352359493
7.279905297264755	4.2077994462265655
7.407225651746043	4.254869681869215
7.616341918183737	4.630574461110954
8.56733439478915	4.079286929726874
8.652593694057648	3.3273937205584394
8.169218876121889	4.848246563230654
7.645558079584919	3.2996813648590426
6.027380074878258	3.0975648576507333
6.057602643719063	2.850217620895539
6.599487024209287	2.813037251966218
7.036768640186967	2.9319927240144508
6.234098930520166	2.659977136855134
6.822622828089289	2.9344400361124476
7.231077749536467	1.7659953780914548
5.473218484308513	0.555554266329179
7.367591403330667	1.2969394031828076
6.353221698300603	2.7120835985833764
5.541797696013365	2.788037846390973
5.032353114707792	3.030296565118609
5.149914774926655	3.758085475538036
4.806086711532519	4.480233019412286
5.2717049321975775	5.72071150646704
8.352465478890835	5.245632523468404
8.737042829397346	4.783241544183131
7.177312233223281	4.432956650180684
6.821093459843361	4.842823787446722
6.588956227796176	5.195290604922752
6.966436548087099	5.646636406357493
7.5274630302373495	6.486182702531368
7.941242998698119	6.561222513381564
9.689229998301386	3.653904017350647
8.00427078599311	3.119213107915167
7.989926043851074	4.192215520791037
8.5300047845619	6.243110153151324
11.031206888851393	4.7751283235885404
11.570140492586235	6.1860136898168925
10.99458995201296	6.877130963247948
11.491799987611996	7.6834349675145495
11.857428850156706	7.399974596557642
13.06988302723202	7.934883671571836
11.417233635197327	8.920669571781671
9.371785009960874	8.875916796621237
8.247956787660486	8.063707940891677
9.495641929792841	8.864390933917203
10.551157741916095	9.65425846665689
10.175716441363962	9.482645321744661
10.835286810917701	8.020913622939908
10.030097373162617	8.433367631570656
10.032533570053795	9.954222622492622
11.22790999031436	9.751942134099743
10.385295854566685	8.957386155139096
8.93462872163891	10.455150788962733
8.20878250015822	10.619314600229247
7.5843198177096545	10.597811935078253
8.221686030553245	8.822130152318884
5.73035207379312	10.40621696827038
6.024287597215628	10.26859703148002
4.575360577593183	10.06098301967569
3.5180361023356927	11.38159179807345
4.532330164483739	10.543904167006549
4.896982625624891	10.383536157104064
4.967532525645763	11.13281792929657
6.053810593438381	11.098568526755512
4.745424176574797	10.288229166954505
4.152999267878175	9.788869461523939
5.545053646910606	8.685510079596503
5.313007152962884	8.521080031485976
4.788004765383294	8.44012991377738
4.602546529316273	6.449839434348932
3.7336334674112033	6.498202616112007
4.234772962785417	6.761289005653681
4.703890265960434	8.70392919587979
5.3515097485527745	8.350541238941785
4.047852005262036	9.077670735916442
5.6814668121095	7.802220478820047
8.497327503383065	7.727903461022848
7.494669563656807	7.453758140109014
7.534850343135458	6.518912115948609
7.0521223662567465	7.2164455667334595
5.706025070274236	7.254725879548047
5.661125177212706	6.564496757244448
5.0365682681330215	6.610548915095625
5.901168146805989	6.935863031376189
6.2383875710934005	8.114347877639123
6.693771168319144	8.26059681599981
7.473655591983147	9.359482694233497
7.303523599253022	8.034595633817421
8.90909135294062	9.693066808932212
9.717715513431086	10.052938147909094
10.357580133746861	9.101761288976062
10.372298878620322	9.098476577149112
10.672155333929283	8.400280729737185
10.345772310882344	6.97895453911562
11.297930978778568	6.34104109846855
12.80918796004588	5.164524429816081
10.994039068539953	5.575396934300377
9.295062371411	5.337389162688217
8.870098279338599	4.716774816184076
8.070944711394711	4.6787568356740366
7.861992549210456	5.215942012831404
9.241631026627324	4.441661650291858
8.858411562180105	2.6989381542661772
8.904832025924861	2.4415449752580667
10.612871526191055	3.2654440182036337
10.171315699324312	3.8675289541943703
10.285086681405938	3.227474104431856
9.738639824331544	4.464015145482874
10.288681232867116	4.289787397964279
10.3679781823981	4.269336660002428
11.497112583476557	4.8998218481241045
11.051558242867687	3.3014983941322384
12.743083583644506	4.7093403067667765
10.709211847226594	4.758881943552414
10.582596701595563	2.4930211290815496
9.391392509389256	1.8770207863483983
10.699999198303033	2.1835915588914414
10.432130150279619	1.971944108247703
8.764350104722071	4.395762820660542
8.457301001154365	2.8673495752165836
8.252948356433686	1.5857471520475073
9.471607769864974	2.03936008096811
8.087569601793794	0.9601278962500337
9.17625367375672	-0.9026675475704096
9.523707134546958	-1.5416259734624131
7.8678017305638175	-2.6623158407371603
7.696722630137338	-4.75076250416592
7.951583082845173	-4.254382369662499
7.085949402655596	-4.389080704179286
6.417790905664309	-4.247987805750435
6.449096015032536	-3.1049156511561318
7.916629249144128	-2.232933539722391
8.24011080735887	-2.1437287017665563
9.057292050897937	-2.327153509926332
8.964224832202094	-0.15016851827330369
6.602096931899457	-0.7212692897214567
7.799205797484871	-2.423955603972344
6.465428634955732	-2.2220685585455855
8.952597869888606	-2.4111792804706718
10.128950868872364	-1.5029755795946629
9.773522428539257	-2.788896618686479
9.706270742859529	-3.601507661963272
9.91988097608117	-4.241417140338343
9.601854892503487	-5.1318778083116605
9.463201358033261	-3.1747549565958915
9.398014582432427	-4.726849396244701
8.809642581256684	-3.7566937592114833
6.330416177345814	-3.125642455290144
7.028057302331373	-2.5768051844798583
4.519734511440112	-3.3634500803888376
5.455926223758759	-3.846414928545998
4.880948601604848	-2.5072221577051983
6.2250563707175885	-3.5224293438909013
5.2012511192151845	-3.5870714466313003
6.165030776303206	-3.4085673012434725
6.184726010305065	-3.138034549325894
5.210285969238691	-3.290594337162866
4.320025931680118	-2.8772905743020356
3.6158412746423427	-1.546666764012031
3.218296371867213	-2.0865908206013963
4.510303995169806	-1.6911042501932727
