     0.324      5.5382e-08
     0.374      6.6888e-08
     0.424      7.8310e-08
     0.474      8.9592e-08
     0.528      1.0146e-07
     0.590      1.1479e-07
     0.664      1.2963e-07
     0.751      1.4548e-07
     0.857      1.6126e-07
     0.985      1.7619e-07
     1.144      1.9214e-07
     1.342      2.1220e-07
     1.594      2.3470e-07
     1.921      2.5586e-07
     2.355      2.7387e-07
     2.948      2.8616e-07
     3.784      2.8681e-07
     5.015      2.7051e-07
     6.924      2.3102e-07
    10.105      1.7113e-07
    15.953      1.0249e-07
    28.418      4.4178e-08
    62.531      3.6495e-09
   222.865      0.0000e+00
